57,3
57,2
57,1
57,0
56,35
3,2
10,112
10,289
10,129
10,120
10,34
10,227
10,235
10,187
10,2
10,3
11,17
11,16
11,21
11,23
11,11
11,18
11,2
11,3
9,7
9,4
9,6
9,2
9,3
8,12
8,4
8,13
8,10
8,16
55,3
55,2
55,1
55,0
54,3
54,2
54,1
54,0
52,3
52,2
52,1
52,0
49,3
49,2
49,1
49,0
41,4
41,3
41,2
41,1
41,0
36,3
36,2
36,1
36,0
32,3
32,2
32,1
32,0
30,3
30,2
30,1
30,0
20,3
20,2
20,1
19,3
19,2
19,1
18,3
18,1
14,3
14,1
13,3
13,1
12,3
12,2
12,1
11,30
11,29
11,28
11,27
11,26
11,1
11,14
10,246
10,230
10,178
10,158
10,125
10,1
10,64
9,1
9,5
8,15
8,11
8,7
